Date	Time	Open	High	Low	Close	Tickvol	Vol	Spread
2008.11.21	02:00:00	1.24350	1.24630	1.24340	1.24560	564	0	20
2008.11.21	03:00:00	1.24580	1.24670	1.24510	1.24560	556	0	20
2008.11.21	04:00:00	1.24570	1.24680	1.24490	1.24640	507	0	20
2008.11.21	05:00:00	1.24650	1.25170	1.24650	1.24860	866	0	20
2008.11.21	06:00:00	1.24870	1.25240	1.24820	1.25220	977	0	20
2008.11.21	07:00:00	1.25210	1.25470	1.25090	1.25290	903	0	20
2008.11.21	08:00:00	1.25280	1.25460	1.25050	1.25370	1320	0	20
2008.11.21	09:00:00	1.25350	1.25390	1.25120	1.25280	1724	0	20
2008.11.21	10:00:00	1.25270	1.26120	1.25240	1.26050	1438	0	20
2008.11.21	11:00:00	1.26040	1.26250	1.25810	1.25980	1398	0	20
2008.11.21	12:00:00	1.26010	1.26190	1.25670	1.25740	1298	0	20
2008.11.21	13:00:00	1.25750	1.26070	1.25580	1.25860	1348	0	20
2008.11.21	14:00:00	1.25850	1.26370	1.25540	1.25680	1718	0	20
2008.11.21	15:00:00	1.25690	1.25960	1.25450	1.25660	2251	0	20
2008.11.21	16:00:00	1.25670	1.25860	1.25080	1.25080	2268	0	20
2008.11.21	17:00:00	1.25070	1.25460	1.24340	1.25270	2679	0	20
2008.11.21	18:00:00	1.25260	1.25780	1.25260	1.25370	1935	0	20
2008.11.21	19:00:00	1.25390	1.25740	1.25100	1.25160	1648	0	20
2008.11.21	20:00:00	1.25150	1.25360	1.24900	1.25000	1615	0	20
2008.11.21	21:00:00	1.25010	1.25820	1.24990	1.25770	1970	0	20
2008.11.21	22:00:00	1.25780	1.25950	1.25650	1.25870	495	0	20
2008.11.24	00:00:00	1.26070	1.26560	1.26070	1.26430	612	0	20
2008.11.24	01:00:00	1.26410	1.26440	1.25950	1.26050	652	0	20
2008.11.24	02:00:00	1.26040	1.26090	1.25770	1.25980	547	0	20
2008.11.24	03:00:00	1.25990	1.26310	1.25810	1.26130	679	0	20
2008.11.24	04:00:00	1.26140	1.26260	1.25960	1.26220	621	0	20
2008.11.24	05:00:00	1.26210	1.26580	1.26190	1.26430	879	0	20
2008.11.24	06:00:00	1.26440	1.26480	1.26160	1.26240	658	0	20
2008.11.24	07:00:00	1.26250	1.26780	1.26230	1.26650	895	0	20
2008.11.24	08:00:00	1.26660	1.26690	1.25920	1.26010	1278	0	20
2008.11.24	09:00:00	1.26020	1.26100	1.25690	1.25820	1444	0	20
2008.11.24	10:00:00	1.25810	1.26410	1.25630	1.26380	1538	0	20
2008.11.24	11:00:00	1.26370	1.26760	1.26350	1.26610	1248	0	20
2008.11.24	12:00:00	1.26590	1.27190	1.26580	1.26830	1542	0	20
2008.11.24	13:00:00	1.26820	1.27760	1.26790	1.27740	1675	0	20
2008.11.24	14:00:00	1.27750	1.27930	1.27570	1.27590	1548	0	20
2008.11.24	15:00:00	1.27600	1.28260	1.27440	1.27950	1800	0	20
2008.11.24	16:00:00	1.27920	1.28790	1.27880	1.28270	2190	0	20
2008.11.24	17:00:00	1.28260	1.28980	1.28110	1.28910	1874	0	20
2008.11.24	18:00:00	1.28900	1.28920	1.28160	1.28850	2165	0	20
2008.11.24	19:00:00	1.28860	1.28980	1.28690	1.28940	1643	0	20
2008.11.24	20:00:00	1.28960	1.28960	1.28560	1.28760	1548	0	20
2008.11.24	21:00:00	1.28770	1.29280	1.28700	1.29010	1867	0	20
2008.11.24	22:00:00	1.29000	1.29540	1.28970	1.29540	817	0	20
2008.11.24	23:00:00	1.29550	1.29590	1.29350	1.29470	783	0	20
2008.11.25	00:00:00	1.29480	1.29510	1.29140	1.29150	392	0	20
2008.11.25	01:00:00	1.29140	1.29150	1.28660	1.28730	733	0	20
2008.11.25	02:00:00	1.28740	1.28850	1.28490	1.28780	705	0	20
2008.11.25	03:00:00	1.28790	1.28920	1.28660	1.28670	588	0	20
2008.11.25	04:00:00	1.28660	1.28770	1.28300	1.28300	829	0	20
2008.11.25	05:00:00	1.28280	1.28560	1.28200	1.28510	882	0	20
2008.11.25	06:00:00	1.28520	1.28750	1.28500	1.28570	661	0	20
2008.11.25	07:00:00	1.28560	1.28780	1.28400	1.28540	1041	0	20
2008.11.25	08:00:00	1.28530	1.28880	1.28250	1.28740	1390	0	20
2008.11.25	09:00:00	1.28750	1.29060	1.28580	1.28710	1520	0	20
2008.11.25	10:00:00	1.28720	1.28960	1.28460	1.28580	1212	0	20
2008.11.25	11:00:00	1.28590	1.28640	1.28170	1.28380	1382	0	20
2008.11.25	12:00:00	1.28390	1.28800	1.28320	1.28670	1017	0	20
2008.11.25	13:00:00	1.28680	1.28810	1.28060	1.28320	1106	0	20
2008.11.25	14:00:00	1.28310	1.30300	1.28040	1.30130	2348	0	20
2008.11.25	15:00:00	1.30140	1.30800	1.30070	1.30200	2388	0	20
2008.11.25	16:00:00	1.30190	1.30540	1.29720	1.29860	2014	0	20
2008.11.25	17:00:00	1.29870	1.30430	1.29230	1.30310	2211	0	20
2008.11.25	18:00:00	1.30300	1.30410	1.29560	1.29840	2133	0	20
2008.11.25	19:00:00	1.29830	1.30500	1.29640	1.30120	1978	0	20
2008.11.25	20:00:00	1.30130	1.30320	1.29720	1.30230	1706	0	20
2008.11.25	21:00:00	1.30220	1.30740	1.30180	1.30650	1648	0	20
2008.11.25	22:00:00	1.30660	1.30730	1.30580	1.30640	526	0	20
2008.11.25	23:00:00	1.30650	1.30700	1.30450	1.30560	411	0	20
2008.11.26	00:00:00	1.30570	1.30570	1.30310	1.30320	320	0	20
2008.11.26	01:00:00	1.30310	1.30320	1.30010	1.30190	640	0	20
2008.11.26	02:00:00	1.30180	1.30270	1.30100	1.30180	367	0	20
2008.11.26	03:00:00	1.30170	1.30250	1.29930	1.29960	535	0	20
2008.11.26	04:00:00	1.29950	1.30010	1.29610	1.29640	931	0	20
2008.11.26	05:00:00	1.29650	1.29930	1.29610	1.29770	575	0	20
2008.11.26	06:00:00	1.29760	1.29870	1.29460	1.29840	624	0	20
2008.11.26	07:00:00	1.29820	1.29950	1.29570	1.29860	938	0	20
2008.11.26	08:00:00	1.29870	1.29940	1.29480	1.29540	1313	0	20
2008.11.26	09:00:00	1.29550	1.30010	1.29320	1.30000	1270	0	20
2008.11.26	10:00:00	1.29990	1.30270	1.29710	1.29820	1680	0	20
2008.11.26	11:00:00	1.29810	1.29910	1.29580	1.29750	1167	0	20
2008.11.26	12:00:00	1.29760	1.29840	1.29400	1.29440	1184	0	20
2008.11.26	13:00:00	1.29450	1.29680	1.29140	1.29210	1398	0	20
2008.11.26	14:00:00	1.29200	1.29790	1.29070	1.29560	1867	0	20
2008.11.26	15:00:00	1.29550	1.29670	1.29320	1.29640	1652	0	20
2008.11.26	16:00:00	1.29610	1.29760	1.28840	1.28930	1947	0	20
2008.11.26	17:00:00	1.28940	1.28950	1.28200	1.28250	2259	0	20
2008.11.26	18:00:00	1.28230	1.28920	1.28190	1.28790	1656	0	20
2008.11.26	19:00:00	1.28780	1.29020	1.28650	1.28710	1236	0	20
2008.11.26	20:00:00	1.28700	1.29010	1.28660	1.28970	1085	0	20
2008.11.26	21:00:00	1.28980	1.29180	1.28930	1.29050	763	0	20
2008.11.26	22:00:00	1.29060	1.29080	1.28730	1.28790	571	0	20
2008.11.26	23:00:00	1.28780	1.28850	1.28710	1.28780	179	0	20
2008.11.27	00:00:00	1.28770	1.28980	1.28710	1.28970	316	0	20
2008.11.27	01:00:00	1.28960	1.29130	1.28810	1.28930	510	0	20
2008.11.27	02:00:00	1.28950	1.29280	1.28950	1.29140	503	0	20
2008.11.27	03:00:00	1.29150	1.29270	1.29090	1.29210	271	0	20
2008.11.27	04:00:00	1.29200	1.29380	1.29100	1.29160	409	0	20
2008.11.27	05:00:00	1.29170	1.29260	1.29060	1.29210	498	0	20
2008.11.27	06:00:00	1.29200	1.29230	1.29110	1.29170	438	0	20
2008.11.27	07:00:00	1.29160	1.29330	1.29130	1.29180	590	0	20
2008.11.27	08:00:00	1.29190	1.29220	1.28680	1.28920	1222	0	20
2008.11.27	09:00:00	1.28930	1.29270	1.28850	1.29190	1201	0	20
2008.11.27	10:00:00	1.29180	1.29560	1.29050	1.29380	1124	0	20
2008.11.27	11:00:00	1.29390	1.29680	1.29290	1.29470	1133	0	20
2008.11.27	12:00:00	1.29450	1.29570	1.28910	1.28940	1222	0	20
2008.11.27	13:00:00	1.28930	1.29010	1.28710	1.28940	738	0	20
2008.11.27	14:00:00	1.28950	1.29330	1.28870	1.29260	1083	0	20
2008.11.27	15:00:00	1.29270	1.29270	1.28840	1.28870	970	0	20
2008.11.27	16:00:00	1.28880	1.29110	1.28670	1.28700	1131	0	20
2008.11.27	17:00:00	1.28710	1.29090	1.28600	1.28900	1038	0	20
2008.11.27	18:00:00	1.28910	1.28980	1.28780	1.28940	537	0	20
2008.11.27	19:00:00	1.28930	1.28970	1.28780	1.28840	247	0	20
2008.11.27	20:00:00	1.28860	1.29030	1.28840	1.29030	272	0	20
2008.11.27	21:00:00	1.29010	1.29090	1.28940	1.28980	230	0	20
2008.11.27	22:00:00	1.28990	1.29090	1.28870	1.29040	174	0	20
2008.11.27	23:00:00	1.29030	1.29060	1.28860	1.28960	127	0	20
2008.11.28	00:00:00	1.28990	1.29060	1.28910	1.28940	211	0	20
2008.11.28	01:00:00	1.28930	1.28950	1.28800	1.28890	473	0	20
2008.11.28	02:00:00	1.28880	1.29110	1.28870	1.29100	416	0	20
2008.11.28	03:00:00	1.29090	1.29160	1.28880	1.28950	664	0	20
2008.11.28	04:00:00	1.28940	1.29040	1.28930	1.28980	238	0	20
2008.11.28	05:00:00	1.28990	1.29110	1.28970	1.29070	257	0	20
2008.11.28	06:00:00	1.29080	1.29180	1.28960	1.29150	364	0	20
2008.11.28	07:00:00	1.29140	1.29390	1.29110	1.29370	510	0	20
2008.11.28	08:00:00	1.29380	1.29570	1.29190	1.29370	804	0	20
2008.11.28	09:00:00	1.29360	1.29470	1.29120	1.29230	806	0	20
2008.11.28	10:00:00	1.29240	1.29260	1.28560	1.28650	1172	0	20
2008.11.28	11:00:00	1.28660	1.28750	1.28380	1.28620	891	0	20
2008.11.28	12:00:00	1.28630	1.28640	1.27850	1.27920	928	0	20
2008.11.28	13:00:00	1.27910	1.27930	1.26980	1.27100	1259	0	20
2008.11.28	14:00:00	1.27090	1.27740	1.26980	1.27500	970	0	20
2008.11.28	15:00:00	1.27490	1.27590	1.27040	1.27180	1043	0	20
2008.11.28	16:00:00	1.27190	1.27310	1.26850	1.26870	1561	0	20
2008.11.28	17:00:00	1.26890	1.27140	1.26460	1.27000	1523	0	20
2008.11.28	18:00:00	1.26990	1.27130	1.26690	1.27030	1145	0	20
2008.11.28	19:00:00	1.27040	1.27140	1.26850	1.26960	549	0	20
2008.11.28	20:00:00	1.26950	1.27080	1.26940	1.27060	325	0	20
2008.11.28	21:00:00	1.27070	1.27120	1.26980	1.27000	365	0	20
2008.11.28	22:00:00	1.26990	1.27020	1.26880	1.26900	350	0	20
2008.12.01	00:00:00	1.26940	1.27120	1.26730	1.26730	310	0	20
2008.12.01	01:00:00	1.26720	1.26750	1.26540	1.26640	493	0	20
2008.12.01	02:00:00	1.26630	1.26660	1.26210	1.26580	579	0	20
2008.12.01	03:00:00	1.26570	1.26730	1.26530	1.26620	472	0	20
2008.12.01	04:00:00	1.26630	1.26720	1.26560	1.26650	268	0	20
2008.12.01	05:00:00	1.26660	1.26910	1.26610	1.26810	393	0	20
2008.12.01	06:00:00	1.26820	1.26910	1.26700	1.26890	402	0	20
2008.12.01	07:00:00	1.26900	1.27000	1.26680	1.26770	615	0	20
2008.12.01	08:00:00	1.26760	1.27020	1.26540	1.26860	470	0	20
2008.12.01	09:00:00	1.26850	1.26970	1.26250	1.26720	683	0	20
2008.12.01	10:00:00	1.26710	1.26840	1.26340	1.26660	609	0	20
2008.12.01	11:00:00	1.26640	1.26670	1.26350	1.26490	567	0	20
2008.12.01	12:00:00	1.26500	1.26730	1.26490	1.26680	565	0	20
2008.12.01	13:00:00	1.26690	1.26780	1.26100	1.26300	598	0	20
2008.12.01	14:00:00	1.26310	1.26400	1.25850	1.26100	671	0	20
2008.12.01	15:00:00	1.26090	1.26380	1.26010	1.26280	833	0	20
2008.12.01	16:00:00	1.26290	1.26490	1.25850	1.25860	995	0	20
2008.12.01	17:00:00	1.25880	1.26400	1.25880	1.26300	896	0	20
2008.12.01	18:00:00	1.26310	1.26560	1.26170	1.26240	656	0	20
2008.12.01	19:00:00	1.26250	1.26670	1.26230	1.26670	729	0	20
2008.12.01	20:00:00	1.26660	1.26880	1.26240	1.26730	947	0	20
2008.12.01	21:00:00	1.26710	1.26720	1.25900	1.25950	716	0	20
2008.12.01	22:00:00	1.25960	1.26350	1.25920	1.26060	470	0	20
2008.12.01	23:00:00	1.26040	1.26330	1.26040	1.26160	507	0	20
2008.12.02	00:00:00	1.26170	1.26170	1.25810	1.25960	535	0	20
2008.12.02	01:00:00	1.25950	1.26320	1.25880	1.26120	518	0	20
2008.12.02	02:00:00	1.26130	1.26450	1.25970	1.26360	565	0	20
2008.12.02	03:00:00	1.26370	1.26440	1.26250	1.26310	445	0	20
2008.12.02	04:00:00	1.26300	1.26390	1.26170	1.26200	328	0	20
2008.12.02	05:00:00	1.26190	1.26470	1.26160	1.26470	397	0	20
2008.12.02	06:00:00	1.26510	1.26510	1.26010	1.26060	516	0	20
2008.12.02	07:00:00	1.26070	1.26360	1.26000	1.26110	623	0	20
2008.12.02	08:00:00	1.26120	1.26380	1.26080	1.26160	569	0	20
2008.12.02	09:00:00	1.26190	1.26260	1.25630	1.25740	690	0	20
2008.12.02	10:00:00	1.25750	1.26320	1.25740	1.26310	678	0	20
2008.12.02	11:00:00	1.26300	1.26780	1.26270	1.26450	593	0	20
2008.12.02	12:00:00	1.26440	1.26500	1.26210	1.26420	724	0	20
2008.12.02	13:00:00	1.26410	1.27010	1.26350	1.27000	719	0	20
2008.12.02	14:00:00	1.27010	1.27390	1.26800	1.27000	921	0	20
2008.12.02	15:00:00	1.26970	1.27420	1.26740	1.27250	955	0	20
2008.12.02	16:00:00	1.27240	1.27650	1.27100	1.27110	1151	0	20
2008.12.02	17:00:00	1.27130	1.27270	1.26840	1.27260	1029	0	20
2008.12.02	18:00:00	1.27270	1.27360	1.27070	1.27190	652	0	20
2008.12.02	19:00:00	1.27180	1.27180	1.26950	1.27090	713	0	20
2008.12.02	20:00:00	1.27100	1.27150	1.26650	1.27040	789	0	20
2008.12.02	21:00:00	1.27030	1.27170	1.26830	1.27070	806	0	20
2008.12.02	22:00:00	1.27060	1.27280	1.27030	1.27090	437	0	20
2008.12.02	23:00:00	1.27120	1.27290	1.27070	1.27200	298	0	20
2008.12.03	00:00:00	1.27260	1.27260	1.26960	1.27060	401	0	20
2008.12.03	01:00:00	1.27070	1.27090	1.26830	1.26850	384	0	20
2008.12.03	02:00:00	1.26860	1.27120	1.26820	1.27010	437	0	20
2008.12.03	03:00:00	1.27000	1.27270	1.26980	1.27260	424	0	20
2008.12.03	04:00:00	1.27250	1.27400	1.27100	1.27370	503	0	20
2008.12.03	05:00:00	1.27360	1.27360	1.26830	1.26980	723	0	20
2008.12.03	06:00:00	1.26990	1.27100	1.26900	1.27050	407	0	20
2008.12.03	07:00:00	1.27060	1.27280	1.26720	1.26810	528	0	20
2008.12.03	08:00:00	1.26820	1.27070	1.26780	1.26960	510	0	20
2008.12.03	09:00:00	1.26970	1.27030	1.26350	1.26380	741	0	20
2008.12.03	10:00:00	1.26400	1.26470	1.26070	1.26220	663	0	20
2008.12.03	11:00:00	1.26240	1.26470	1.26170	1.26430	635	0	20
2008.12.03	12:00:00	1.26440	1.26630	1.26300	1.26350	586	0	20
2008.12.03	13:00:00	1.26360	1.26550	1.26140	1.26190	595	0	20
2008.12.03	14:00:00	1.26200	1.26430	1.26000	1.26280	896	0	20
2008.12.03	15:00:00	1.26290	1.26520	1.26160	1.26290	819	0	20
2008.12.03	16:00:00	1.26280	1.26880	1.26130	1.26870	964	0	20
2008.12.03	17:00:00	1.26880	1.26910	1.26560	1.26700	903	0	20
2008.12.03	18:00:00	1.26690	1.26800	1.26330	1.26650	808	0	20
2008.12.03	19:00:00	1.26640	1.26710	1.26460	1.26550	668	0	20
2008.12.03	20:00:00	1.26560	1.26820	1.26530	1.26560	913	0	20
2008.12.03	21:00:00	1.26550	1.27080	1.26450	1.27070	652	0	20
2008.12.03	22:00:00	1.27100	1.27170	1.26960	1.27170	464	0	20
2008.12.03	23:00:00	1.27160	1.27270	1.27120	1.27130	321	0	20
2008.12.04	00:00:00	1.27120	1.27200	1.27020	1.27060	241	0	20
2008.12.04	01:00:00	1.27040	1.27090	1.26780	1.26830	382	0	20
2008.12.04	02:00:00	1.26820	1.27120	1.26780	1.27100	414	0	20
2008.12.04	03:00:00	1.27110	1.27150	1.26970	1.27150	340	0	20
2008.12.04	04:00:00	1.27160	1.27180	1.27000	1.27110	242	0	20
2008.12.04	05:00:00	1.27120	1.27130	1.26680	1.26720	368	0	20
2008.12.04	06:00:00	1.26710	1.26850	1.26600	1.26830	441	0	20
2008.12.04	07:00:00	1.26820	1.26900	1.26640	1.26710	538	0	20
2008.12.04	08:00:00	1.26700	1.26810	1.26470	1.26510	541	0	20
2008.12.04	09:00:00	1.26530	1.26630	1.25920	1.25940	697	0	20
2008.12.04	10:00:00	1.25930	1.26120	1.25520	1.26070	891	0	20
2008.12.04	11:00:00	1.26060	1.26130	1.25870	1.25980	618	0	20
2008.12.04	12:00:00	1.25970	1.26430	1.25880	1.26270	634	0	20
2008.12.04	13:00:00	1.26240	1.26570	1.26140	1.26290	977	0	20
2008.12.04	14:00:00	1.26300	1.26390	1.26010	1.26170	889	0	20
2008.12.04	15:00:00	1.26160	1.27000	1.26130	1.26900	961	0	20
2008.12.04	16:00:00	1.26890	1.27400	1.26700	1.27360	1021	0	20
2008.12.04	17:00:00	1.27370	1.28470	1.27180	1.28380	1092	0	20
2008.12.04	18:00:00	1.28370	1.28390	1.27870	1.27940	727	0	20
2008.12.04	19:00:00	1.27930	1.28260	1.27860	1.28220	579	0	20
2008.12.04	20:00:00	1.28230	1.28240	1.27830	1.27930	657	0	20
2008.12.04	21:00:00	1.27940	1.27940	1.27480	1.27920	853	0	20
2008.12.04	22:00:00	1.27930	1.27950	1.27680	1.27780	401	0	20
2008.12.04	23:00:00	1.27790	1.27840	1.27450	1.27710	623	0	20
2008.12.05	00:00:00	1.27730	1.27750	1.27600	1.27710	324	0	20
2008.12.05	01:00:00	1.27730	1.27780	1.27350	1.27370	454	0	20
2008.12.05	02:00:00	1.27380	1.27590	1.27310	1.27550	428	0	20
2008.12.05	03:00:00	1.27560	1.27620	1.27470	1.27550	297	0	20
2008.12.05	04:00:00	1.27560	1.27740	1.27550	1.27680	277	0	20
2008.12.05	05:00:00	1.27670	1.27680	1.27370	1.27450	273	0	20
2008.12.05	06:00:00	1.27460	1.27650	1.27450	1.27550	350	0	20
2008.12.05	07:00:00	1.27540	1.27820	1.27430	1.27740	449	0	20
2008.12.05	08:00:00	1.27750	1.27900	1.27640	1.27650	630	0	20
2008.12.05	09:00:00	1.27640	1.27790	1.27490	1.27730	700	0	20
2008.12.05	10:00:00	1.27720	1.27970	1.27460	1.27570	687	0	20
2008.12.05	11:00:00	1.27580	1.27820	1.27160	1.27160	696	0	20
2008.12.05	12:00:00	1.27170	1.27240	1.26770	1.26880	661	0	20
2008.12.05	13:00:00	1.26890	1.26980	1.26770	1.26920	574	0	20
2008.12.05	14:00:00	1.26910	1.27470	1.26270	1.26670	1194	0	20
2008.12.05	15:00:00	1.26680	1.27100	1.26510	1.26790	1339	0	20
2008.12.05	16:00:00	1.26770	1.26910	1.26510	1.26760	1224	0	20
2008.12.05	17:00:00	1.26750	1.26760	1.26310	1.26530	975	0	20
2008.12.05	18:00:00	1.26540	1.26730	1.26400	1.26510	725	0	20
2008.12.05	19:00:00	1.26520	1.26760	1.26390	1.26390	801	0	20
2008.12.05	20:00:00	1.26410	1.27180	1.26390	1.26910	961	0	20
2008.12.05	21:00:00	1.26900	1.27270	1.26760	1.27160	786	0	20
2008.12.05	22:00:00	1.27170	1.27390	1.27110	1.27180	461	0	20
2008.12.08	00:00:00	1.27200	1.27310	1.27140	1.27300	215	0	20
2008.12.08	01:00:00	1.27290	1.27630	1.27280	1.27610	420	0	20
2008.12.08	02:00:00	1.27600	1.27720	1.27530	1.27540	524	0	20
2008.12.08	03:00:00	1.27550	1.27670	1.27400	1.27670	359	0	20
2008.12.08	04:00:00	1.27680	1.27830	1.27550	1.27720	415	0	20
2008.12.08	05:00:00	1.27710	1.27770	1.27530	1.27570	423	0	20
2008.12.08	06:00:00	1.27580	1.27770	1.27450	1.27690	388	0	20
2008.12.08	07:00:00	1.27700	1.28270	1.27700	1.28140	546	0	20
2008.12.08	08:00:00	1.28150	1.28800	1.28080	1.28720	757	0	20
2008.12.08	09:00:00	1.28710	1.28980	1.28690	1.28920	735	0	20
2008.12.08	10:00:00	1.28940	1.29150	1.28780	1.28880	680	0	20
2008.12.08	11:00:00	1.28890	1.29010	1.28650	1.28720	611	0	20
2008.12.08	12:00:00	1.28710	1.28800	1.28650	1.28650	418	0	20
2008.12.08	13:00:00	1.28660	1.28740	1.28420	1.28500	484	0	20
2008.12.08	14:00:00	1.28490	1.29000	1.28410	1.28980	690	0	20
2008.12.08	15:00:00	1.28970	1.29130	1.28730	1.28940	637	0	20
2008.12.08	16:00:00	1.28930	1.29470	1.28870	1.29270	932	0	20
2008.12.08	17:00:00	1.29280	1.29530	1.29070	1.29380	794	0	20
2008.12.08	18:00:00	1.29400	1.29460	1.29080	1.29150	580	0	20
2008.12.08	19:00:00	1.29160	1.29280	1.28950	1.29140	637	0	20
2008.12.08	20:00:00	1.29150	1.29570	1.29120	1.29530	545	0	20
2008.12.08	21:00:00	1.29520	1.29630	1.29170	1.29390	551	0	20
2008.12.08	22:00:00	1.29380	1.29660	1.29330	1.29560	446	0	20
2008.12.08	23:00:00	1.29570	1.29630	1.29280	1.29370	456	0	20
2008.12.09	00:00:00	1.29360	1.29370	1.29130	1.29130	319	0	20
2008.12.09	01:00:00	1.29110	1.29300	1.29060	1.29110	430	0	20
2008.12.09	02:00:00	1.29100	1.29180	1.28600	1.28640	546	0	20
2008.12.09	03:00:00	1.28650	1.28830	1.28630	1.28720	398	0	20
2008.12.09	04:00:00	1.28710	1.28840	1.28560	1.28700	352	0	20
2008.12.09	05:00:00	1.28690	1.28850	1.28690	1.28730	330	0	20
2008.12.09	06:00:00	1.28720	1.28890	1.28620	1.28880	499	0	20
2008.12.09	07:00:00	1.28890	1.28890	1.28680	1.28740	391	0	20